INDV	O(HOM)	E(HOM)	N_SITES	F
CA2019-10_S114	10098818	10313378.6	12978443	-0.08051
CA2019-11_S115	9160121	10313378.6	12978443	-0.43273
CA2019-12_S116	10069604	10313378.6	12978443	-0.09147
CA2019-13_S117	10076817	10313378.6	12978443	-0.08876
CA2019-14_S118	10054810	10313378.6	12978443	-0.09702
CA2019-15_S119	10100259	10313378.6	12978443	-0.07997
CA2019-16_S120	9375164	10313378.6	12978443	-0.35204
CA2019-17_S121	10056599	10313378.6	12978443	-0.09635
CA2019-18_S122	10078891	10313378.6	12978443	-0.08799
CA2019-19_S123	10064295	10313378.6	12978443	-0.09346
CA2019-1_S105	10082449	10313378.6	12978443	-0.08665
CA2019-20_S124	10078393	10313378.6	12978443	-0.08817
CA2019-21_S125	10037570	10313378.6	12978443	-0.10349
CA2019-22_S126	10070688	10313378.6	12978443	-0.09106
CA2019-24_S127	10250508	10313378.6	12978443	-0.02359
CA2019-2_S106	10039295	10313378.6	12978443	-0.10284
CA2019-3_S107	10101409	10313378.6	12978443	-0.07954
CA2019-4_S108	9954338	10313378.6	12978443	-0.13472
CA2019-5_S109	10096955	10313378.6	12978443	-0.08121
CA2019-6_S110	10129410	10313378.6	12978443	-0.06903
CA2019-7_S111	9469672	10313378.6	12978443	-0.31658
CA2019-8_S112	10117389	10313378.6	12978443	-0.07354
CA2019-9_S113	10097315	10313378.6	12978443	-0.08107
CA2020-10_S104	10066720	10313378.6	12978443	-0.09255
CA2020-11_S11	10243655	10313378.6	12978443	-0.02616
CA2020-12_S12	10401002	10313378.6	12978443	0.03288
CA2020-13_S13	9069717	10313378.6	12978443	-0.46665
CA2020-14_S14	9980332	10313378.6	12978443	-0.12497
CA2020-15_S15	10326619	10313378.6	12978443	0.00497
CA2020-16_S16	9058957	10313378.6	12978443	-0.47069
CA2020-1_S95	10318380	10313378.6	12978443	0.00188
CA2020-2_S96	10307460	10313378.6	12978443	-0.00222
CA2020-3_S10	10143923	10313378.6	12978443	-0.06358
CA2020-4_S98	9876572	10313378.6	12978443	-0.1639
CA2020-5_S99	10100309	10313378.6	12978443	-0.07995
CA2020-6_S100	10280061	10313378.6	12978443	-0.0125
CA2020-7_S17	9434511	10313378.6	12978443	-0.32977
CA2020-8_S18	9237030	10313378.6	12978443	-0.40387
CA2020-9_S103	10313530	10313378.6	12978443	0.00006
CA57_S89	10408477	10313378.6	12978443	0.03568
CA58_S90	10210441	10313378.6	12978443	-0.03862
CA62_S91	10392526	10313378.6	12978443	0.0297
CA70_S84	10258318	10313378.6	12978443	-0.02066
CA71_S85	10113771	10313378.6	12978443	-0.0749
CA72_S86	10222203	10313378.6	12978443	-0.03421
CA73_S87	10559258	10313378.6	12978443	0.09226
CA76_S92	10398073	10313378.6	12978443	0.03178
CA77_S93	10367758	10313378.6	12978443	0.0204
CA79_S94	10358273	10313378.6	12978443	0.01685
CA80_S88	10080656	10313378.6	12978443	-0.08732
CAP12-1_S46	10010746	10313378.6	12978443	-0.11356
CAP22-2_S59	10204964	10313378.6	12978443	-0.04068
CAP9-1_S48	9981891	10313378.6	12978443	-0.12438
DTG-OmniC-238	11153469	10313378.6	12978443	0.31522